

------------------------------------  ecoli  ------------------------------------
SEED: 20

--------> Restriction: 10
TIME: 2819.13041973114

OBJ_RATE: 54.64355823540927
C_RATE: 52.12158084765003
INF_RATE: 94


--------> Restriction: 20
TIME: 4533.5166919231415

OBJ_RATE: 54.06375790558715
C_RATE: 52.52105897158549
INF_RATE: 115
