

------------------------------------  newthyroid  ------------------------------------
SEED: 10

--------> Restriction: 10
TIME: 1399.8443200588226

OBJ_RATE: 84.3836173151103
C_RATE: 80.8362045527949
INF_RATE: 97


--------> Restriction: 20
TIME: 2114.587940454483

OBJ_RATE: 85.00442269577636
C_RATE: 80.8362045527949
INF_RATE: 228
