

------------------------------------  rand  ------------------------------------
SEED: 40

--------> Restriction: 10
TIME: 840.9787192344666

OBJ_RATE: 2.3358212352387597
C_RATE: 2.3358212352387597
INF_RATE: 0


--------> Restriction: 20
TIME: 1199.7851700782776

OBJ_RATE: 2.3358212352387597
C_RATE: 2.3358212352387597
INF_RATE: 0
