

------------------------------------  ecoli  ------------------------------------
SEED: 30

--------> Restriction: 10
TIME: 2838.5454862117767

OBJ_RATE: 53.878635303585156
C_RATE: 52.590817063027245
INF_RATE: 48


--------> Restriction: 20
TIME: 4546.348368406296

OBJ_RATE: 53.7993804753933
C_RATE: 52.135948581339335
INF_RATE: 124
