

------------------------------------  newthyroid  ------------------------------------


--------> Restriction: 10
--EXECUTION: 0
TIME: 1564.4342534542084

OBJ_RATE: 84.3836173151103
C_RATE: 80.8362045527949
INF_RATE: 97


--------> Restriction: 20
--EXECUTION: 0
TIME: 1718.962290763855

OBJ_RATE: 85.00442269577636
C_RATE: 80.8362045527949
INF_RATE: 228
