

------------------------------------  rand  ------------------------------------


--------> Restriction: 10
--EXECUTION: 0
TIME: 917.506617307663

OBJ_RATE: 2.3358212352387597
C_RATE: 2.3358212352387597
INF_RATE: 0


--------> Restriction: 20
--EXECUTION: 0
TIME: 1357.6845138072968

OBJ_RATE: 2.3358212352387597
C_RATE: 2.3358212352387597
INF_RATE: 0
