

------------------------------------  ecoli  ------------------------------------
SEED: 0

--------> Restriction: 10
TIME: 2713.518192052841

OBJ_RATE: 53.93196391207839
C_RATE: 52.456338844772446
INF_RATE: 55


--------> Restriction: 20
TIME: 4403.42583489418

OBJ_RATE: 53.96639225943198
C_RATE: 52.34320468539544
INF_RATE: 121
