

------------------------------------  iris  ------------------------------------
SEED: 40

--------> Restriction: 10
TIME: 831.3560109138489

OBJ_RATE: 3.6542240535627477
C_RATE: 3.6542240535627477
INF_RATE: 0


--------> Restriction: 20
TIME: 1199.9358277320862

OBJ_RATE: 3.6542240535627477
C_RATE: 3.6542240535627477
INF_RATE: 0
