

------------------------------------  newthyroid  ------------------------------------
SEED: 20

--------> Restriction: 10
TIME: 1402.051414012909

OBJ_RATE: 84.3836173151103
C_RATE: 80.8362045527949
INF_RATE: 97


--------> Restriction: 20
TIME: 2124.676919221878

OBJ_RATE: 85.00442269577636
C_RATE: 80.8362045527949
INF_RATE: 228
