

------------------------------------  ecoli  ------------------------------------
SEED: 40

--------> Restriction: 10
TIME: 2719.453315973282

OBJ_RATE: 53.78042920910859
C_RATE: 52.51944051522897
INF_RATE: 47


--------> Restriction: 20
TIME: 4414.525146007538

OBJ_RATE: 53.689843030385745
C_RATE: 51.99958158965349
INF_RATE: 126
