

------------------------------------  ecoli  ------------------------------------
SEED: 20

--------> Restriction: 10
TIME: 2722.186009168625

OBJ_RATE: 54.07026709320784
C_RATE: 52.54098293254532
INF_RATE: 57


--------> Restriction: 20
TIME: 4402.403604984283

OBJ_RATE: 54.55190169084419
C_RATE: 52.83481070343364
INF_RATE: 128
