

------------------------------------  ecoli  ------------------------------------
SEED: 30

--------> Restriction: 10
TIME: 2739.6951706409454

OBJ_RATE: 57.175612404517146
C_RATE: 54.787782750149354
INF_RATE: 89


--------> Restriction: 20
TIME: 4393.352781534195

OBJ_RATE: 53.86501743241063
C_RATE: 52.26865940505239
INF_RATE: 119
