

------------------------------------  iris  ------------------------------------
SEED: 30

--------> Restriction: 10
TIME: 828.215410232544

OBJ_RATE: 3.6542240535627477
C_RATE: 3.6542240535627477
INF_RATE: 0


--------> Restriction: 20
TIME: 1198.14462351799

OBJ_RATE: 3.6542240535627477
C_RATE: 3.6542240535627477
INF_RATE: 0
