

------------------------------------  newthyroid  ------------------------------------
SEED: 30

--------> Restriction: 10
TIME: 1406.691005706787

OBJ_RATE: 84.3836173151103
C_RATE: 80.8362045527949
INF_RATE: 97


--------> Restriction: 20
TIME: 2117.1141476631165

OBJ_RATE: 85.00442269577636
C_RATE: 80.8362045527949
INF_RATE: 228
