

------------------------------------  iris  ------------------------------------
SEED: 10

--------> Restriction: 10
TIME: 834.2622358798981

OBJ_RATE: 3.6542240535627477
C_RATE: 3.6542240535627477
INF_RATE: 0


--------> Restriction: 20
TIME: 1199.5339069366455

OBJ_RATE: 3.6542240535627477
C_RATE: 3.6542240535627477
INF_RATE: 0
