

------------------------------------  ecoli  ------------------------------------
SEED: 0

--------> Restriction: 10
TIME: 2839.68444108963

OBJ_RATE: 51.987222677030324
C_RATE: 48.338404328782914
INF_RATE: 136


--------> Restriction: 20
TIME: 4552.46400809288

OBJ_RATE: 53.93613250787472
C_RATE: 52.31294493383818
INF_RATE: 121
