

------------------------------------  ecoli  ------------------------------------
SEED: 40

--------> Restriction: 10
TIME: 2819.2660558223724

OBJ_RATE: 54.450131097056115
C_RATE: 52.6525514696107
INF_RATE: 67


--------> Restriction: 20
TIME: 4551.522528886795

OBJ_RATE: 53.68984303038575
C_RATE: 51.999581589653495
INF_RATE: 126
