

------------------------------------  newthyroid  ------------------------------------
SEED: 0

--------> Restriction: 10
TIME: 1413.2574405670166

OBJ_RATE: 84.3836173151103
C_RATE: 80.8362045527949
INF_RATE: 97


--------> Restriction: 20
TIME: 2118.4545595645905

OBJ_RATE: 85.00442269577636
C_RATE: 80.8362045527949
INF_RATE: 228
