

------------------------------------  rand  ------------------------------------
SEED: 0

--------> Restriction: 10
TIME: 840.1968111991882

OBJ_RATE: 2.3358212352387597
C_RATE: 2.3358212352387597
INF_RATE: 0


--------> Restriction: 20
TIME: 1199.280517578125

OBJ_RATE: 2.3358212352387597
C_RATE: 2.3358212352387597
INF_RATE: 0
