

------------------------------------  ecoli  ------------------------------------
SEED: 10

--------> Restriction: 10
TIME: 2838.885575771332

OBJ_RATE: 54.0507048709238
C_RATE: 52.70922753700931
INF_RATE: 50


--------> Restriction: 20
TIME: 4562.1151921749115

OBJ_RATE: 54.48198450372557
C_RATE: 52.77830828965417
INF_RATE: 127
