

------------------------------------  ecoli  ------------------------------------
SEED: 10

--------> Restriction: 10
TIME: 2734.7553820610046

OBJ_RATE: 54.00829451027109
C_RATE: 52.77413536306976
INF_RATE: 46


--------> Restriction: 20
TIME: 4413.286503076553

OBJ_RATE: 54.50672860994407
C_RATE: 52.7225637558378
INF_RATE: 133
