

------------------------------------  iris  ------------------------------------
SEED: 20

--------> Restriction: 10
TIME: 826.9128956794739

OBJ_RATE: 3.6542240535627477
C_RATE: 3.6542240535627477
INF_RATE: 0


--------> Restriction: 20
TIME: 1192.5545740127563

OBJ_RATE: 3.6542240535627477
C_RATE: 3.6542240535627477
INF_RATE: 0
