

------------------------------------  iris  ------------------------------------
SEED: 0

--------> Restriction: 10
TIME: 825.285248041153

OBJ_RATE: 3.6542240535627477
C_RATE: 3.6542240535627477
INF_RATE: 0


--------> Restriction: 20
TIME: 1198.0299277305603

OBJ_RATE: 3.6542240535627477
C_RATE: 3.6542240535627477
INF_RATE: 0
