

------------------------------------  rand  ------------------------------------
SEED: 10

--------> Restriction: 10
TIME: 838.2988877296448

OBJ_RATE: 2.3358212352387597
C_RATE: 2.3358212352387597
INF_RATE: 0


--------> Restriction: 20
TIME: 1194.180165052414

OBJ_RATE: 2.3358212352387597
C_RATE: 2.3358212352387597
INF_RATE: 0
