

------------------------------------  rand  ------------------------------------
SEED: 30

--------> Restriction: 10
TIME: 841.7606272697449

OBJ_RATE: 2.3358212352387597
C_RATE: 2.3358212352387597
INF_RATE: 0


--------> Restriction: 20
TIME: 1202.2655336856842

OBJ_RATE: 2.3358212352387597
C_RATE: 2.3358212352387597
INF_RATE: 0
