

------------------------------------  ecoli  ------------------------------------


--------> Restriction: 10
--EXECUTION: 0
TIME: 2836.7431070804596

OBJ_RATE: 55.36912843006094
C_RATE: 52.01543509527472
INF_RATE: 125


--------> Restriction: 20
--EXECUTION: 0
TIME: 2575.735228061676

OBJ_RATE: 54.55089000095232
C_RATE: 52.941117200254936
INF_RATE: 120
