

------------------------------------  iris  ------------------------------------


--------> Restriction: 10
--EXECUTION: 0
TIME: 918.7462527751923

OBJ_RATE: 3.6542240535627477
C_RATE: 3.6542240535627477
INF_RATE: 0


--------> Restriction: 20
--EXECUTION: 0
TIME: 1355.2895925045013

OBJ_RATE: 3.6542240535627477
C_RATE: 3.6542240535627477
INF_RATE: 0
