

------------------------------------  rand  ------------------------------------
SEED: 20

--------> Restriction: 10
TIME: 841.3756585121155

OBJ_RATE: 2.3358212352387597
C_RATE: 2.3358212352387597
INF_RATE: 0


--------> Restriction: 20
TIME: 1194.6987771987915

OBJ_RATE: 2.3358212352387597
C_RATE: 2.3358212352387597
INF_RATE: 0
