

------------------------------------  rand  ------------------------------------
SEED: 30

--------> Restriction: 10
TIME: 773.4879622459412

OBJ_RATE: 2.3358212352387597
C_RATE: 2.3358212352387597
INF_RATE: 0


--------> Restriction: 20
TIME: 1173.4893684387207

OBJ_RATE: 2.3358212352387597
C_RATE: 2.3358212352387597
INF_RATE: 0
