

------------------------------------  iris  ------------------------------------


--------> Restriction: 10
TIME: 774.2600169181824

OBJ_RATE: 3.6542240535627477
C_RATE: 3.6542240535627477
INF_RATE: 0


--------> Restriction: 20
TIME: 957.9383752346039

OBJ_RATE: 3.6542240535627477
C_RATE: 3.6542240535627477
INF_RATE: 0
