

------------------------------------  iris  ------------------------------------


--------> Restriction: 10
TIME: 763.756115436554

OBJ_RATE: 3.6542240535627477
C_RATE: 3.6542240535627477
INF_RATE: 0


--------> Restriction: 20
TIME: 967.3583977222443

OBJ_RATE: 3.6542240535627477
C_RATE: 3.6542240535627477
INF_RATE: 0
