

------------------------------------  rand  ------------------------------------
SEED: 40

--------> Restriction: 10
TIME: 769.7250261306763

OBJ_RATE: 2.3358212352387597
C_RATE: 2.3358212352387597
INF_RATE: 0


--------> Restriction: 20
TIME: 1166.3594057559967

OBJ_RATE: 2.3358212352387597
C_RATE: 2.3358212352387597
INF_RATE: 0
