

------------------------------------  rand  ------------------------------------
SEED: 20

--------> Restriction: 10
TIME: 761.1579442024231

OBJ_RATE: 2.3358212352387597
C_RATE: 2.3358212352387597
INF_RATE: 0


--------> Restriction: 20
TIME: 1179.1581692695618

OBJ_RATE: 2.3358212352387597
C_RATE: 2.3358212352387597
INF_RATE: 0
