

------------------------------------  rand  ------------------------------------
SEED: 0

--------> Restriction: 10
TIME: 761.7772870063782

OBJ_RATE: 2.3358212352387597
C_RATE: 2.3358212352387597
INF_RATE: 0


--------> Restriction: 20
TIME: 1176.1661705970764

OBJ_RATE: 2.3358212352387597
C_RATE: 2.3358212352387597
INF_RATE: 0
