

------------------------------------  iris  ------------------------------------


--------> Restriction: 10
TIME: 773.772323846817

OBJ_RATE: 3.6542240535627477
C_RATE: 3.6542240535627477
INF_RATE: 0


--------> Restriction: 20
TIME: 972.2783255577087

OBJ_RATE: 3.6542240535627477
C_RATE: 3.6542240535627477
INF_RATE: 0
