

------------------------------------  rand  ------------------------------------
SEED: 10

--------> Restriction: 10
TIME: 767.5418658256531

OBJ_RATE: 2.3358212352387597
C_RATE: 2.3358212352387597
INF_RATE: 0


--------> Restriction: 20
TIME: 1180.3599874973297

OBJ_RATE: 2.3358212352387597
C_RATE: 2.3358212352387597
INF_RATE: 0
