

------------------------------------  iris  ------------------------------------
SEED: 30

--------> Restriction: 10
TIME: 159.09466862678528

OBJ_RATE: 3.6542240535627477
C_RATE: 3.6542240535627477
INF_RATE: 0


--------> Restriction: 20
TIME: 209.3286292552948

OBJ_RATE: 3.6542240535627477
C_RATE: 3.6542240535627477
INF_RATE: 0
