

------------------------------------  ecoli  ------------------------------------
SEED: 0

--------> Restriction: 10
TIME: 6535.130656242371

OBJ_RATE: 53.708096294843706
C_RATE: 52.25930077421606
INF_RATE: 54


--------> Restriction: 20
TIME: 8340.587110042572

OBJ_RATE: 52.45056573539785
C_RATE: 48.18466781354977
INF_RATE: 318
