

------------------------------------  ecoli  ------------------------------------
SEED: 40

--------> Restriction: 10
TIME: 7419.513756275177

OBJ_RATE: 53.35201195003103
C_RATE: 51.95687552275996
INF_RATE: 52


--------> Restriction: 20
TIME: 7809.896951913834

OBJ_RATE: 52.72872134123101
C_RATE: 48.48965296606122
INF_RATE: 316
