

------------------------------------  ecoli  ------------------------------------
SEED: 10

--------> Restriction: 10
TIME: 7536.397363185883

OBJ_RATE: 52.11362908929041
C_RATE: 48.70627666114761
INF_RATE: 127


--------> Restriction: 20
TIME: 7747.475615262985

OBJ_RATE: 53.683992923677984
C_RATE: 52.02056102962402
INF_RATE: 124
