

------------------------------------  iris  ------------------------------------
SEED: 0

--------> Restriction: 10
TIME: 187.17617058753967

OBJ_RATE: 3.6542240535627477
C_RATE: 3.6542240535627477
INF_RATE: 0


--------> Restriction: 20
TIME: 221.82119631767273

OBJ_RATE: 3.6542240535627477
C_RATE: 3.6542240535627477
INF_RATE: 0
