

------------------------------------  iris  ------------------------------------
SEED: 20

--------> Restriction: 10
TIME: 156.73547315597534

OBJ_RATE: 3.6542240535627477
C_RATE: 3.6542240535627477
INF_RATE: 0


--------> Restriction: 20
TIME: 183.6659758090973

OBJ_RATE: 3.6542240535627477
C_RATE: 3.6542240535627477
INF_RATE: 0
