

------------------------------------  newthyroid  ------------------------------------
SEED: 10

--------> Restriction: 10
TIME: 345.7843987941742

OBJ_RATE: 84.3836173151103
C_RATE: 80.8362045527949
INF_RATE: 97


--------> Restriction: 20
TIME: 506.84009432792664

OBJ_RATE: 85.00442269577636
C_RATE: 80.8362045527949
INF_RATE: 228
