

------------------------------------  rand  ------------------------------------
SEED: 10

--------> Restriction: 10
TIME: 139.14292764663696

OBJ_RATE: 2.3358212352387597
C_RATE: 2.3358212352387597
INF_RATE: 0


--------> Restriction: 20
TIME: 181.5574676990509

OBJ_RATE: 2.3358212352387597
C_RATE: 2.3358212352387597
INF_RATE: 0
