

------------------------------------  iris  ------------------------------------
SEED: 40

--------> Restriction: 10
TIME: 165.24366998672485

OBJ_RATE: 3.6542240535627477
C_RATE: 3.6542240535627477
INF_RATE: 0


--------> Restriction: 20
TIME: 206.4333221912384

OBJ_RATE: 3.6542240535627477
C_RATE: 3.6542240535627477
INF_RATE: 0
