

------------------------------------  ecoli  ------------------------------------
SEED: 20

--------> Restriction: 10
TIME: 8072.321361780167

OBJ_RATE: 53.661958316343906
C_RATE: 52.508287809177446
INF_RATE: 43


--------> Restriction: 20
TIME: 8625.059202432632

OBJ_RATE: 52.75597996714306
C_RATE: 48.49008204529498
INF_RATE: 318
