

------------------------------------  ecoli  ------------------------------------
SEED: 0

--------> Restriction: 10
TIME: 2323.3941123485565

OBJ_RATE: 56.16361704006271
C_RATE: 48.865980343567884
INF_RATE: 272


--------> Restriction: 20
TIME: 2797.1541619300842

OBJ_RATE: 55.39567259356861
C_RATE: 52.92735429916595
INF_RATE: 184
