

------------------------------------  iris  ------------------------------------
SEED: 10

--------> Restriction: 10
TIME: 178.47276043891907

OBJ_RATE: 3.6542240535627477
C_RATE: 3.6542240535627477
INF_RATE: 0


--------> Restriction: 20
TIME: 213.67750024795532

OBJ_RATE: 3.6542240535627477
C_RATE: 3.6542240535627477
INF_RATE: 0
