

------------------------------------  rand  ------------------------------------
SEED: 30

--------> Restriction: 10
TIME: 145.04311561584473

OBJ_RATE: 2.3358212352387597
C_RATE: 2.3358212352387597
INF_RATE: 0


--------> Restriction: 20
TIME: 188.38124990463257

OBJ_RATE: 2.3358212352387597
C_RATE: 2.3358212352387597
INF_RATE: 0
