

------------------------------------  rand  ------------------------------------
SEED: 0

--------> Restriction: 10
TIME: 140.8623297214508

OBJ_RATE: 2.3358212352387597
C_RATE: 2.3358212352387597
INF_RATE: 0


--------> Restriction: 20
TIME: 196.74681282043457

OBJ_RATE: 2.3358212352387597
C_RATE: 2.3358212352387597
INF_RATE: 0
