

------------------------------------  iris  ------------------------------------
SEED: 10

--------> Restriction: 10
TIME: 172.0725610256195

OBJ_RATE: 3.6542240535627477
C_RATE: 3.6542240535627477
INF_RATE: 0


--------> Restriction: 20
TIME: 213.15902972221375

OBJ_RATE: 3.6542240535627477
C_RATE: 3.6542240535627477
INF_RATE: 0
