

------------------------------------  ecoli  ------------------------------------
SEED: 10

--------> Restriction: 10
TIME: 1605.8199391365051

OBJ_RATE: 56.48554578751611
C_RATE: 52.675750159198955
INF_RATE: 142


--------> Restriction: 20
TIME: 2400.8339726924896

OBJ_RATE: 55.56136102542175
C_RATE: 52.12717905060066
INF_RATE: 256
