

------------------------------------  rand  ------------------------------------
SEED: 40

--------> Restriction: 10
TIME: 153.03670597076416

OBJ_RATE: 2.3358212352387597
C_RATE: 2.3358212352387597
INF_RATE: 0


--------> Restriction: 20
TIME: 192.60595726966858

OBJ_RATE: 2.3358212352387597
C_RATE: 2.3358212352387597
INF_RATE: 0
