

------------------------------------  newthyroid  ------------------------------------
SEED: 20

--------> Restriction: 10
TIME: 379.3133137226105

OBJ_RATE: 84.3836173151103
C_RATE: 80.8362045527949
INF_RATE: 97


--------> Restriction: 20
TIME: 506.0097553730011

OBJ_RATE: 85.00442269577636
C_RATE: 80.8362045527949
INF_RATE: 228
