

------------------------------------  rand  ------------------------------------
SEED: 20

--------> Restriction: 10
TIME: 92.5285210609436

OBJ_RATE: 2.3358212352387597
C_RATE: 2.3358212352387597
INF_RATE: 0


--------> Restriction: 20
TIME: 110.55634355545044

OBJ_RATE: 2.3358212352387597
C_RATE: 2.3358212352387597
INF_RATE: 0
