

------------------------------------  iris  ------------------------------------
SEED: 20

--------> Restriction: 10
TIME: 163.48285961151123

OBJ_RATE: 3.6542240535627477
C_RATE: 3.6542240535627477
INF_RATE: 0


--------> Restriction: 20
TIME: 195.53116464614868

OBJ_RATE: 3.6542240535627477
C_RATE: 3.6542240535627477
INF_RATE: 0
