

------------------------------------  rand  ------------------------------------
SEED: 0

--------> Restriction: 10
TIME: 173.5819492340088

OBJ_RATE: 2.3440138751856883
C_RATE: 2.3440138751856883
INF_RATE: 0


--------> Restriction: 20
TIME: 222.23680567741394

OBJ_RATE: 2.3440138751856883
C_RATE: 2.3440138751856883
INF_RATE: 0
