

------------------------------------  iris  ------------------------------------
SEED: 0

--------> Restriction: 10
TIME: 165.94240951538086

OBJ_RATE: 3.6542240535627477
C_RATE: 3.6542240535627477
INF_RATE: 0


--------> Restriction: 20
TIME: 204.29150485992432

OBJ_RATE: 3.6542240535627477
C_RATE: 3.6542240535627477
INF_RATE: 0
