

------------------------------------  rand  ------------------------------------
SEED: 20

--------> Restriction: 10
TIME: 163.8020076751709

OBJ_RATE: 2.3440138751856883
C_RATE: 2.3440138751856883
INF_RATE: 0


--------> Restriction: 20
TIME: 204.3146789073944

OBJ_RATE: 2.3440138751856883
C_RATE: 2.3440138751856883
INF_RATE: 0
