

------------------------------------  newthyroid  ------------------------------------
SEED: 40

--------> Restriction: 10
TIME: 486.6275975704193

OBJ_RATE: 84.3836173151103
C_RATE: 80.8362045527949
INF_RATE: 97


--------> Restriction: 20
TIME: 671.8144249916077

OBJ_RATE: 85.00442269577636
C_RATE: 80.8362045527949
INF_RATE: 228
