

------------------------------------  ecoli  ------------------------------------
SEED: 30

--------> Restriction: 10
TIME: 7238.575740337372

OBJ_RATE: 52.39669577975902
C_RATE: 48.31860468465897
INF_RATE: 152


--------> Restriction: 20
TIME: 7864.78825879097

OBJ_RATE: 53.5297760894883
C_RATE: 51.87975896877348
INF_RATE: 123
