

------------------------------------  rand  ------------------------------------
SEED: 10

--------> Restriction: 10
TIME: 151.69688963890076

OBJ_RATE: 2.3440138751856883
C_RATE: 2.3440138751856883
INF_RATE: 0


--------> Restriction: 20
TIME: 201.76350116729736

OBJ_RATE: 2.3440138751856883
C_RATE: 2.3440138751856883
INF_RATE: 0
