

------------------------------------  ecoli  ------------------------------------
SEED: 20

--------> Restriction: 10
TIME: 1487.1406235694885

OBJ_RATE: 56.389442757504106
C_RATE: 49.0381469676527
INF_RATE: 274


--------> Restriction: 20
TIME: 2389.7985365390778

OBJ_RATE: 54.01163695940758
C_RATE: 52.38844938537105
INF_RATE: 121
