

------------------------------------  newthyroid  ------------------------------------
SEED: 0

--------> Restriction: 10
TIME: 535.6215734481812

OBJ_RATE: 84.3836173151103
C_RATE: 80.8362045527949
INF_RATE: 97


--------> Restriction: 20
TIME: 750.1359372138977

OBJ_RATE: 85.00442269577636
C_RATE: 80.8362045527949
INF_RATE: 228
