

------------------------------------  rand  ------------------------------------
SEED: 10

--------> Restriction: 10
TIME: 98.15753698348999

OBJ_RATE: 2.3440138751856883
C_RATE: 2.3440138751856883
INF_RATE: 0


--------> Restriction: 20
TIME: 123.9455783367157

OBJ_RATE: 2.3440138751856883
C_RATE: 2.3440138751856883
INF_RATE: 0
