

------------------------------------  rand  ------------------------------------
SEED: 0

--------> Restriction: 10
TIME: 6075.234174489975

OBJ_RATE: 2.3440138751856883
C_RATE: 2.3440138751856883
INF_RATE: 0


--------> Restriction: 20
TIME: 8661.196395158768

OBJ_RATE: 2.3440138751856883
C_RATE: 2.3440138751856883
INF_RATE: 0
