

------------------------------------  ecoli  ------------------------------------
SEED: 20

--------> Restriction: 10
TIME: 1448.2411885261536

OBJ_RATE: 54.046070354607316
C_RATE: 52.811911207405984
INF_RATE: 46


--------> Restriction: 20
TIME: 2266.198861837387

OBJ_RATE: 54.60703477478385
C_RATE: 53.064335840782185
INF_RATE: 115
