

------------------------------------  iris  ------------------------------------
SEED: 0

--------> Restriction: 10
TIME: 6093.213117599487

OBJ_RATE: 3.6542240535627477
C_RATE: 3.6542240535627477
INF_RATE: 0


--------> Restriction: 20
TIME: 8683.236476421356

OBJ_RATE: 3.6542240535627477
C_RATE: 3.6542240535627477
INF_RATE: 0
