

------------------------------------  ecoli  ------------------------------------
SEED: 10

--------> Restriction: 10
TIME: 8772.84230017662

OBJ_RATE: 54.0245514468534
C_RATE: 52.38794909947772
INF_RATE: 61


--------> Restriction: 20
TIME: 2354.423449277878

OBJ_RATE: 54.502298597161335
C_RATE: 52.973014436498815
INF_RATE: 114
