

------------------------------------  rand  ------------------------------------
SEED: 10

--------> Restriction: 10
TIME: 6078.019593954086

OBJ_RATE: 2.3440138751856883
C_RATE: 2.3440138751856883
INF_RATE: 0


--------> Restriction: 20
TIME: 8608.411494731903

OBJ_RATE: 2.3440138751856883
C_RATE: 2.3440138751856883
INF_RATE: 0
