

------------------------------------  newthyroid  ------------------------------------
SEED: 20

--------> Restriction: 10
TIME: 197.06435537338257

OBJ_RATE: 84.3836173151103
C_RATE: 80.8362045527949
INF_RATE: 97


--------> Restriction: 20
TIME: 321.38560819625854

OBJ_RATE: 85.00442269577636
C_RATE: 80.8362045527949
INF_RATE: 228
