

------------------------------------  rand  ------------------------------------
SEED: 20

--------> Restriction: 10
TIME: 85.72876834869385

OBJ_RATE: 2.3440138751856883
C_RATE: 2.3440138751856883
INF_RATE: 0


--------> Restriction: 20
TIME: 110.76183319091797

OBJ_RATE: 2.3440138751856883
C_RATE: 2.3440138751856883
INF_RATE: 0
