

------------------------------------  ecoli  ------------------------------------
SEED: 0

--------> Restriction: 10
TIME: 2016.4282388687134

OBJ_RATE: 54.45152889968311
C_RATE: 51.849062871889004
INF_RATE: 97


--------> Restriction: 20
TIME: 2496.0390226840973

OBJ_RATE: 53.80591612665135
C_RATE: 52.30346151266712
INF_RATE: 112
