

------------------------------------  iris  ------------------------------------
SEED: 0

--------> Restriction: 10
TIME: 80.16461849212646

OBJ_RATE: 3.6542240535627477
C_RATE: 3.6542240535627477
INF_RATE: 0


--------> Restriction: 20
TIME: 110.42373561859131

OBJ_RATE: 3.6542240535627477
C_RATE: 3.6542240535627477
INF_RATE: 0
