

------------------------------------  iris  ------------------------------------
SEED: 10

--------> Restriction: 10
TIME: 81.69455552101135

OBJ_RATE: 3.6542240535627477
C_RATE: 3.6542240535627477
INF_RATE: 0


--------> Restriction: 20
TIME: 126.08286213874817

OBJ_RATE: 3.6542240535627477
C_RATE: 3.6542240535627477
INF_RATE: 0
