

------------------------------------  rand  ------------------------------------
SEED: 0

--------> Restriction: 10
TIME: 97.6785306930542

OBJ_RATE: 2.3440138751856883
C_RATE: 2.3440138751856883
INF_RATE: 0


--------> Restriction: 20
TIME: 122.38375544548035

OBJ_RATE: 2.3440138751856883
C_RATE: 2.3440138751856883
INF_RATE: 0
