

------------------------------------  iris  ------------------------------------
SEED: 20

--------> Restriction: 10
TIME: 83.05890560150146

OBJ_RATE: 3.6542240535627477
C_RATE: 3.6542240535627477
INF_RATE: 0


--------> Restriction: 20
TIME: 114.93167996406555

OBJ_RATE: 3.6542240535627477
C_RATE: 3.6542240535627477
INF_RATE: 0
