

------------------------------------  iris  ------------------------------------
SEED: 10

--------> Restriction: 10
TIME: 6105.507115602493

OBJ_RATE: 3.6542240535627477
C_RATE: 3.6542240535627477
INF_RATE: 0


--------> Restriction: 20
TIME: 8642.473442792892

OBJ_RATE: 3.6542240535627477
C_RATE: 3.6542240535627477
INF_RATE: 0
