

------------------------------------  iris  ------------------------------------
SEED: 20

--------> Restriction: 10
TIME: 966.1438298225403

OBJ_RATE: 3.6542240535627477
C_RATE: 3.6542240535627477
INF_RATE: 0


--------> Restriction: 20
TIME: 1396.1822390556335

OBJ_RATE: 3.6542240535627477
C_RATE: 3.6542240535627477
INF_RATE: 0
