

------------------------------------  rand  ------------------------------------
SEED: 0

--------> Restriction: 10
TIME: 757.093332529068

OBJ_RATE: 2.3358212352387597
C_RATE: 2.3358212352387597
INF_RATE: 0


--------> Restriction: 20
TIME: 1089.8165428638458

OBJ_RATE: 2.3358212352387597
C_RATE: 2.3358212352387597
INF_RATE: 0
