

------------------------------------  rand  ------------------------------------
SEED: 40

--------> Restriction: 10
TIME: 749.8806204795837

OBJ_RATE: 2.3358212352387597
C_RATE: 2.3358212352387597
INF_RATE: 0


--------> Restriction: 20
TIME: 1084.1287524700165

OBJ_RATE: 2.3358212352387597
C_RATE: 2.3358212352387597
INF_RATE: 0
