

------------------------------------  ecoli  ------------------------------------
SEED: 0

--------> Restriction: 10
TIME: 2648.5381083488464

OBJ_RATE: 54.14112099958136
C_RATE: 52.85330275902345
INF_RATE: 48


--------> Restriction: 20
TIME: 4273.381814002991

OBJ_RATE: 54.449406610320224
C_RATE: 52.87987812964027
INF_RATE: 117
