

------------------------------------  ecoli  ------------------------------------
SEED: 40

--------> Restriction: 10
TIME: 2654.839257955551

OBJ_RATE: 53.68606202521181
C_RATE: 52.45190287801048
INF_RATE: 46


--------> Restriction: 20
TIME: 4301.944463014603

OBJ_RATE: 52.86452413164605
C_RATE: 48.464478476406526
INF_RATE: 328
