

------------------------------------  rand  ------------------------------------
SEED: 30

--------> Restriction: 10
TIME: 754.1502051353455

OBJ_RATE: 2.3358212352387597
C_RATE: 2.3358212352387597
INF_RATE: 0


--------> Restriction: 20
TIME: 1082.7983412742615

OBJ_RATE: 2.3358212352387597
C_RATE: 2.3358212352387597
INF_RATE: 0
