

------------------------------------  rand  ------------------------------------
SEED: 10

--------> Restriction: 10
TIME: 752.705066204071

OBJ_RATE: 2.3358212352387597
C_RATE: 2.3358212352387597
INF_RATE: 0


--------> Restriction: 20
TIME: 1078.9675884246826

OBJ_RATE: 2.3358212352387597
C_RATE: 2.3358212352387597
INF_RATE: 0
