

------------------------------------  ecoli  ------------------------------------
SEED: 20

--------> Restriction: 10
TIME: 2637.705076932907

OBJ_RATE: 53.86311457541016
C_RATE: 52.28017132139106
INF_RATE: 59


--------> Restriction: 20
TIME: 4306.773549795151

OBJ_RATE: 54.192036349554016
C_RATE: 52.58226354885663
INF_RATE: 120
