

------------------------------------  newthyroid  ------------------------------------
SEED: 40

--------> Restriction: 10
TIME: 1288.4413673877716

OBJ_RATE: 84.3836173151103
C_RATE: 80.8362045527949
INF_RATE: 97


--------> Restriction: 20
TIME: 2021.9517886638641

OBJ_RATE: 85.00442269577636
C_RATE: 80.8362045527949
INF_RATE: 228
