

------------------------------------  iris  ------------------------------------
SEED: 30

--------> Restriction: 10
TIME: 973.1461036205292

OBJ_RATE: 3.6542240535627477
C_RATE: 3.6542240535627477
INF_RATE: 0


--------> Restriction: 20
TIME: 1393.153340101242

OBJ_RATE: 3.6542240535627477
C_RATE: 3.6542240535627477
INF_RATE: 0
