

------------------------------------  iris  ------------------------------------
SEED: 40

--------> Restriction: 10
TIME: 974.1883158683777

OBJ_RATE: 3.6542240535627477
C_RATE: 3.6542240535627477
INF_RATE: 0


--------> Restriction: 20
TIME: 1404.1938149929047

OBJ_RATE: 3.6542240535627477
C_RATE: 3.6542240535627477
INF_RATE: 0
