

------------------------------------  ecoli  ------------------------------------
SEED: 10

--------> Restriction: 10
TIME: 2653.560711622238

OBJ_RATE: 55.18245680870402
C_RATE: 52.28486576744872
INF_RATE: 108


--------> Restriction: 20
TIME: 4284.286661624908

OBJ_RATE: 54.498443759857985
C_RATE: 52.674034585734276
INF_RATE: 136
