

------------------------------------  rand  ------------------------------------
SEED: 20

--------> Restriction: 10
TIME: 751.380609035492

OBJ_RATE: 2.3358212352387597
C_RATE: 2.3358212352387597
INF_RATE: 0


--------> Restriction: 20
TIME: 1081.0759177207947

OBJ_RATE: 2.3358212352387597
C_RATE: 2.3358212352387597
INF_RATE: 0
