

------------------------------------  iris  ------------------------------------
SEED: 10

--------> Restriction: 10
TIME: 973.0663170814514

OBJ_RATE: 3.6542240535627477
C_RATE: 3.6542240535627477
INF_RATE: 0


--------> Restriction: 20
TIME: 1396.523327589035

OBJ_RATE: 3.6542240535627477
C_RATE: 3.6542240535627477
INF_RATE: 0
