

------------------------------------  newthyroid  ------------------------------------
SEED: 30

--------> Restriction: 10
TIME: 1268.8477656841278

OBJ_RATE: 84.3836173151103
C_RATE: 80.8362045527949
INF_RATE: 97


--------> Restriction: 20
TIME: 2044.4466309547424

OBJ_RATE: 85.00442269577636
C_RATE: 80.8362045527949
INF_RATE: 228
