

------------------------------------  iris  ------------------------------------
SEED: 0

--------> Restriction: 10
TIME: 968.6281850337982

OBJ_RATE: 3.6542240535627477
C_RATE: 3.6542240535627477
INF_RATE: 0


--------> Restriction: 20
TIME: 1392.977811574936

OBJ_RATE: 3.6542240535627477
C_RATE: 3.6542240535627477
INF_RATE: 0
