

------------------------------------  ecoli  ------------------------------------
SEED: 30

--------> Restriction: 10
TIME: 2635.243659734726

OBJ_RATE: 53.869245670348796
C_RATE: 52.635086523147464
INF_RATE: 46


--------> Restriction: 20
TIME: 4270.66212105751

OBJ_RATE: 54.76015484697854
C_RATE: 52.96257521953312
INF_RATE: 134
